0 0.4483985765124555 0.5266666666666666 0.7473309608540925 0.6853333333333333
0 0.02402135231316726 0.5466666666666666 0.037366548042704624 0.13866666666666666
0 0.07384341637010676 0.5479999999999999 0.04804270462633452 0.10933333333333332
0 0.11654804270462633 0.5453333333333333 0.051601423487544484 0.09866666666666667
0 0.08185053380782918 0.3813333333333333 0.06761565836298931 0.042666666666666665
0 0.15213523131672596 0.384 0.06227758007117437 0.05333333333333333
0 0.03914590747330961 0.4493333333333333 0.060498220640569395 0.050666666666666665
0 0.10231316725978647 0.42 0.030249110320284697 0.050666666666666665
0 0.14501779359430605 0.412 0.030249110320284697 0.056
0 0.9848754448398576 0.4106666666666667 0.023131672597864767 0.05333333333333333
0 0.9483985765124555 0.408 0.03558718861209964 0.064
0 0.9074733096085409 0.4106666666666667 0.028469750889679714 0.048
0 0.8798932384341637 0.412 0.04092526690391459 0.034666666666666665
0 0.9048042704626335 0.4693333333333333 0.14412811387900354 0.048
0 0.9919928825622776 0.47333333333333333 0.012455516014234875 0.04533333333333333
0 0.9644128113879004 0.6253333333333333 0.07829181494661921 0.09866666666666667
