0 0.8450000000000001 0.5070921985815603 0.31 0.9290780141843972
0 0.5666666666666667 0.46099290780141844 0.2066666666666667 0.8085106382978723
0 0.37833333333333335 0.48226950354609927 0.09666666666666668 0.6666666666666666
0 0.28833333333333333 0.4929078014184397 0.08333333333333334 0.5744680851063829
0 0.21833333333333335 0.45390070921985815 0.043333333333333335 0.5106382978723404
0 0.16666666666666669 0.5212765957446809 0.060000000000000005 0.48936170212765956
0 0.10666666666666667 0.4716312056737589 0.04666666666666667 0.3475177304964539
0 0.06833333333333334 0.4929078014184397 0.030000000000000002 0.3191489361702128
0 0.045000000000000005 0.4929078014184397 0.023333333333333334 0.2765957446808511
0 0.016666666666666666 0.4858156028368794 0.02 0.24822695035460993
