0 0.028125 0.47560975609756095 0.00875 0.09568480300187618
0 0.04625 0.4906191369606004 0.015 0.09943714821763602
0 0.066875 0.4981238273921201 0.02125 0.11819887429643527
0 0.10250000000000001 0.4924953095684803 0.04 0.1669793621013133
0 0.13625 0.4981238273921201 0.025 0.1669793621013133
0 0.170625 0.49624765478424016 0.03375 0.15947467166979362
0 0.22312500000000002 0.4896810506566604 0.06875 0.16885553470919323
0 0.501875 0.4915572232645403 0.85375 0.9568480300187617
0 0.925625 0.5806754221388368 0.14375000000000002 0.3696060037523452
0 0.948125 0.3789868667917448 0.10625 0.17636022514071295
